Rectangle
-2.2360679775,-2.2360679775
2.2360679775,2.2360679775
Rectangle
-3.16227766017,-3.16227766017
3.16227766017,3.16227766017
Rectangle
-4.472135955,-4.472135955
4.472135955,4.472135955
Rectangle
-6.32455532034,-6.32455532034
6.32455532034,6.32455532034
Rectangle
-8.94427191,-8.94427191
8.94427191,8.94427191
Rectangle
-12.6491106407,-12.6491106407
12.6491106407,12.6491106407
Rectangle
-17.88854382,-17.88854382
17.88854382,17.88854382
Rectangle
-25.2982212813,-25.2982212813
25.2982212813,25.2982212813
Rectangle
-35.77708764,-35.77708764
35.77708764,35.77708764
Rectangle
-50.5964425627,-50.5964425627
50.5964425627,50.5964425627
Rectangle
-71.55417528,-71.55417528
71.55417528,71.55417528
Rectangle
-101.192885125,-101.192885125
101.192885125,101.192885125
Rectangle
-143.10835056,-143.10835056
143.10835056,143.10835056
Rectangle
-202.385770251,-202.385770251
202.385770251,202.385770251
Rectangle
-286.21670112,-286.21670112
286.21670112,286.21670112
Rectangle
-404.771540502,-404.771540502
404.771540502,404.771540502
Rectangle
-572.43340224,-572.43340224
572.43340224,572.43340224
Rectangle
-809.543081003,-809.543081003
809.543081003,809.543081003
Rectangle
-1144.86680448,-1144.86680448
1144.86680448,1144.86680448
Rectangle
-1619.08616201,-1619.08616201
1619.08616201,1619.08616201
Rectangle
-2289.73360896,-2289.73360896
2289.73360896,2289.73360896
Rectangle
-3238.17232401,-3238.17232401
3238.17232401,3238.17232401
Rectangle
-4579.46721792,-4579.46721792
4579.46721792,4579.46721792
Rectangle
-6476.34464802,-6476.34464802
6476.34464802,6476.34464802
Rectangle
-9158.93443584,-9158.93443584
9158.93443584,9158.93443584
Rectangle
-12952.689296,-12952.689296
12952.689296,12952.689296
Rectangle
-18317.8688717,-18317.8688717
18317.8688717,18317.8688717
Rectangle
-25905.3785921,-25905.3785921
25905.3785921,25905.3785921
Rectangle
-36635.7377434,-36635.7377434
36635.7377434,36635.7377434
Rectangle
-51810.7571842,-51810.7571842
51810.7571842,51810.7571842
Rectangle
-73271.4754867,-73271.4754867
73271.4754867,73271.4754867
Rectangle
-103621.514368,-103621.514368
103621.514368,103621.514368
Rectangle
-146542.950973,-146542.950973
146542.950973,146542.950973
Rectangle
-207243.028737,-207243.028737
207243.028737,207243.028737
Rectangle
-293085.901947,-293085.901947
293085.901947,293085.901947
Rectangle
-414486.057474,-414486.057474
414486.057474,414486.057474
Rectangle
-586171.803894,-586171.803894
586171.803894,586171.803894
Rectangle
-828972.114947,-828972.114947
828972.114947,828972.114947
Rectangle
-1172343.60779,-1172343.60779
1172343.60779,1172343.60779
Rectangle
-1657944.22989,-1657944.22989
1657944.22989,1657944.22989
Rectangle
-2344687.21557,-2344687.21557
2344687.21557,2344687.21557
Rectangle
-3315888.45979,-3315888.45979
3315888.45979,3315888.45979
Rectangle
-4689374.43115,-4689374.43115
4689374.43115,4689374.43115
Rectangle
-6631776.91958,-6631776.91958
6631776.91958,6631776.91958
Rectangle
-9378748.8623,-9378748.8623
9378748.8623,9378748.8623
Rectangle
-13263553.8392,-13263553.8392
13263553.8392,13263553.8392
Rectangle
-18757497.7246,-18757497.7246
18757497.7246,18757497.7246
Rectangle
-26527107.6783,-26527107.6783
26527107.6783,26527107.6783
Rectangle
-37514995.4492,-37514995.4492
37514995.4492,37514995.4492
Rectangle
-53054215.3566,-53054215.3566
53054215.3566,53054215.3566
Zoom
Extents
